resubstation, algo=brute, dist=manhattan
---- training time: 0.0005507469177246094 sec ----
[[   0    0    0    0    0    0    0    0    0    0    0]
 [   0    0    0    0    0    0    0    0    0    0    0]
 [   0    0    0    0    0    0    0    0    0    0    0]
 [   0    0    0   20    0    0    0    0    0    0    0]
 [   0    0    0    0  163    0    0    0    0    0    0]
 [   0    0    0    0    0 1457    0    0    0    0    0]
 [   0    0    0    0    0    0 2198    0    0    0    0]
 [   0    0    0    0    0    0    0  880    0    0    0]
 [   0    0    0    0    0    0    0    0  175    0    0]
 [   0    0    0    0    0    0    0    0    0    5    0]
 [   0    0    0    0    0    0    0    0    0    0    0]]
1.0
==== predict time: 0.3327457904815674 sec ====
resubstation, algo=kd_tree, dist=manhattan
---- training time: 0.002287149429321289 sec ----
[[   0    0    0    0    0    0    0    0    0    0    0]
 [   0    0    0    0    0    0    0    0    0    0    0]
 [   0    0    0    0    0    0    0    0    0    0    0]
 [   0    0    0   20    0    0    0    0    0    0    0]
 [   0    0    0    0  163    0    0    0    0    0    0]
 [   0    0    0    0    0 1457    0    0    0    0    0]
 [   0    0    0    0    0    0 2198    0    0    0    0]
 [   0    0    0    0    0    0    0  880    0    0    0]
 [   0    0    0    0    0    0    0    0  175    0    0]
 [   0    0    0    0    0    0    0    0    0    5    0]
 [   0    0    0    0    0    0    0    0    0    0    0]]
1.0
==== predict time: 0.06835603713989258 sec ====
resubstation, algo=ball_tree, dist=manhattan
---- training time: 0.0022416114807128906 sec ----
[[   0    0    0    0    0    0    0    0    0    0    0]
 [   0    0    0    0    0    0    0    0    0    0    0]
 [   0    0    0    0    0    0    0    0    0    0    0]
 [   0    0    0   20    0    0    0    0    0    0    0]
 [   0    0    0    0  163    0    0    0    0    0    0]
 [   0    0    0    0    0 1457    0    0    0    0    0]
 [   0    0    0    0    0    0 2198    0    0    0    0]
 [   0    0    0    0    0    0    0  880    0    0    0]
 [   0    0    0    0    0    0    0    0  175    0    0]
 [   0    0    0    0    0    0    0    0    0    5    0]
 [   0    0    0    0    0    0    0    0    0    0    0]]
1.0
==== predict time: 0.13687658309936523 sec ====

resubstation, algo=brute, dist=euclidean
---- training time: 0.0003724098205566406 sec ----
[[   0    0    0    0    0    0    0    0    0    0    0]
 [   0    0    0    0    0    0    0    0    0    0    0]
 [   0    0    0    0    0    0    0    0    0    0    0]
 [   0    0    0   20    0    0    0    0    0    0    0]
 [   0    0    0    0  163    0    0    0    0    0    0]
 [   0    0    0    0    0 1457    0    0    0    0    0]
 [   0    0    0    0    0    0 2198    0    0    0    0]
 [   0    0    0    0    0    0    0  880    0    0    0]
 [   0    0    0    0    0    0    0    0  175    0    0]
 [   0    0    0    0    0    0    0    0    0    5    0]
 [   0    0    0    0    0    0    0    0    0    0    0]]
1.0
==== predict time: 0.34224796295166016 sec ====
resubstation, algo=kd_tree, dist=euclidean
---- training time: 0.002292633056640625 sec ----
[[   0    0    0    0    0    0    0    0    0    0    0]
 [   0    0    0    0    0    0    0    0    0    0    0]
 [   0    0    0    0    0    0    0    0    0    0    0]
 [   0    0    0   20    0    0    0    0    0    0    0]
 [   0    0    0    0  163    0    0    0    0    0    0]
 [   0    0    0    0    0 1457    0    0    0    0    0]
 [   0    0    0    0    0    0 2198    0    0    0    0]
 [   0    0    0    0    0    0    0  880    0    0    0]
 [   0    0    0    0    0    0    0    0  175    0    0]
 [   0    0    0    0    0    0    0    0    0    5    0]
 [   0    0    0    0    0    0    0    0    0    0    0]]
1.0
==== predict time: 0.048325300216674805 sec ====
resubstation, algo=ball_tree, dist=euclidean
---- training time: 0.0022335052490234375 sec ----
[[   0    0    0    0    0    0    0    0    0    0    0]
 [   0    0    0    0    0    0    0    0    0    0    0]
 [   0    0    0    0    0    0    0    0    0    0    0]
 [   0    0    0   20    0    0    0    0    0    0    0]
 [   0    0    0    0  163    0    0    0    0    0    0]
 [   0    0    0    0    0 1457    0    0    0    0    0]
 [   0    0    0    0    0    0 2198    0    0    0    0]
 [   0    0    0    0    0    0    0  880    0    0    0]
 [   0    0    0    0    0    0    0    0  175    0    0]
 [   0    0    0    0    0    0    0    0    0    5    0]
 [   0    0    0    0    0    0    0    0    0    0    0]]
1.0
==== predict time: 0.13645005226135254 sec ====

kFold, foldNum=12, algo=brute, dist=manhattan
[[  0.00000000e+00   0.00000000e+00   0.00000000e+00   0.00000000e+00
    0.00000000e+00   0.00000000e+00   0.00000000e+00   0.00000000e+00
    0.00000000e+00   0.00000000e+00   0.00000000e+00]
 [  0.00000000e+00   0.00000000e+00   0.00000000e+00   0.00000000e+00
    0.00000000e+00   0.00000000e+00   0.00000000e+00   0.00000000e+00
    0.00000000e+00   0.00000000e+00   0.00000000e+00]
 [  0.00000000e+00   0.00000000e+00   0.00000000e+00   0.00000000e+00
    0.00000000e+00   0.00000000e+00   0.00000000e+00   0.00000000e+00
    0.00000000e+00   0.00000000e+00   0.00000000e+00]
 [  0.00000000e+00   0.00000000e+00   0.00000000e+00   0.00000000e+00
    1.00000000e+00   1.00000000e+01   6.00000000e+00   2.00000000e+00
    1.00000000e+00   0.00000000e+00   0.00000000e+00]
 [  0.00000000e+00   0.00000000e+00   0.00000000e+00   0.00000000e+00
    3.10000000e+01   5.80000000e+01   6.60000000e+01   7.00000000e+00
    1.00000000e+00   0.00000000e+00   0.00000000e+00]
 [  0.00000000e+00   0.00000000e+00   0.00000000e+00   0.00000000e+00
    4.00000000e+00   9.13000000e+02   4.75000000e+02   6.10000000e+01
    4.00000000e+00   0.00000000e+00   0.00000000e+00]
 [  0.00000000e+00   0.00000000e+00   0.00000000e+00   0.00000000e+00
    5.00000000e+00   3.50000000e+02   1.62500000e+03   2.11000000e+02
    7.00000000e+00   0.00000000e+00   0.00000000e+00]
 [  0.00000000e+00   0.00000000e+00   0.00000000e+00   0.00000000e+00
    0.00000000e+00   5.50000000e+01   3.46000000e+02   4.74000000e+02
    5.00000000e+00   0.00000000e+00   0.00000000e+00]
 [  0.00000000e+00   0.00000000e+00   0.00000000e+00   0.00000000e+00
    0.00000000e+00   5.00000000e+00   6.90000000e+01   2.60000000e+01
    7.50000000e+01   0.00000000e+00   0.00000000e+00]
 [  0.00000000e+00   0.00000000e+00   0.00000000e+00   0.00000000e+00
    0.00000000e+00   0.00000000e+00   4.00000000e+00   1.00000000e+00
    0.00000000e+00   0.00000000e+00   0.00000000e+00]
 [  0.00000000e+00   0.00000000e+00   0.00000000e+00   0.00000000e+00
    0.00000000e+00   0.00000000e+00   0.00000000e+00   0.00000000e+00
    0.00000000e+00   0.00000000e+00   0.00000000e+00]]
0.636586725155
average time of train: 0.0003425280253092448 sec
average time of predict: 0.0267141858736674 sec
==== kFold total training time: 0.3329620361328125 seconds ====
kFold, foldNum=12, algo=kd_tree, dist=manhattan
[[  0.00000000e+00   0.00000000e+00   0.00000000e+00   0.00000000e+00
    0.00000000e+00   0.00000000e+00   0.00000000e+00   0.00000000e+00
    0.00000000e+00   0.00000000e+00   0.00000000e+00]
 [  0.00000000e+00   0.00000000e+00   0.00000000e+00   0.00000000e+00
    0.00000000e+00   0.00000000e+00   0.00000000e+00   0.00000000e+00
    0.00000000e+00   0.00000000e+00   0.00000000e+00]
 [  0.00000000e+00   0.00000000e+00   0.00000000e+00   0.00000000e+00
    0.00000000e+00   0.00000000e+00   0.00000000e+00   0.00000000e+00
    0.00000000e+00   0.00000000e+00   0.00000000e+00]
 [  0.00000000e+00   0.00000000e+00   0.00000000e+00   0.00000000e+00
    1.00000000e+00   9.00000000e+00   6.00000000e+00   1.00000000e+00
    3.00000000e+00   0.00000000e+00   0.00000000e+00]
 [  0.00000000e+00   0.00000000e+00   0.00000000e+00   0.00000000e+00
    2.40000000e+01   6.60000000e+01   6.50000000e+01   7.00000000e+00
    1.00000000e+00   0.00000000e+00   0.00000000e+00]
 [  0.00000000e+00   0.00000000e+00   0.00000000e+00   0.00000000e+00
    6.00000000e+00   9.17000000e+02   4.63000000e+02   6.70000000e+01
    4.00000000e+00   0.00000000e+00   0.00000000e+00]
 [  0.00000000e+00   0.00000000e+00   0.00000000e+00   0.00000000e+00
    3.00000000e+00   3.51000000e+02   1.62300000e+03   2.17000000e+02
    4.00000000e+00   0.00000000e+00   0.00000000e+00]
 [  0.00000000e+00   0.00000000e+00   0.00000000e+00   0.00000000e+00
    3.00000000e+00   5.50000000e+01   3.59000000e+02   4.57000000e+02
    6.00000000e+00   0.00000000e+00   0.00000000e+00]
 [  0.00000000e+00   0.00000000e+00   0.00000000e+00   0.00000000e+00
    0.00000000e+00   4.00000000e+00   7.20000000e+01   2.60000000e+01
    7.30000000e+01   0.00000000e+00   0.00000000e+00]
 [  0.00000000e+00   0.00000000e+00   0.00000000e+00   0.00000000e+00
    0.00000000e+00   1.00000000e+00   4.00000000e+00   0.00000000e+00
    0.00000000e+00   0.00000000e+00   0.00000000e+00]
 [  0.00000000e+00   0.00000000e+00   0.00000000e+00   0.00000000e+00
    0.00000000e+00   0.00000000e+00   0.00000000e+00   0.00000000e+00
    0.00000000e+00   0.00000000e+00   0.00000000e+00]]
0.631691755757
average time of train: 0.0019788344701131186 sec
average time of predict: 0.005894601345062256 sec
==== kFold total training time: 0.1017155647277832 seconds ====
kFold, foldNum=12, algo=ball_tree, dist=manhattan
[[  0.00000000e+00   0.00000000e+00   0.00000000e+00   0.00000000e+00
    0.00000000e+00   0.00000000e+00   0.00000000e+00   0.00000000e+00
    0.00000000e+00   0.00000000e+00   0.00000000e+00]
 [  0.00000000e+00   0.00000000e+00   0.00000000e+00   0.00000000e+00
    0.00000000e+00   0.00000000e+00   0.00000000e+00   0.00000000e+00
    0.00000000e+00   0.00000000e+00   0.00000000e+00]
 [  0.00000000e+00   0.00000000e+00   0.00000000e+00   0.00000000e+00
    0.00000000e+00   0.00000000e+00   0.00000000e+00   0.00000000e+00
    0.00000000e+00   0.00000000e+00   0.00000000e+00]
 [  0.00000000e+00   0.00000000e+00   0.00000000e+00   0.00000000e+00
    1.00000000e+00   9.00000000e+00   6.00000000e+00   1.00000000e+00
    3.00000000e+00   0.00000000e+00   0.00000000e+00]
 [  0.00000000e+00   0.00000000e+00   0.00000000e+00   0.00000000e+00
    3.30000000e+01   5.90000000e+01   6.30000000e+01   7.00000000e+00
    1.00000000e+00   0.00000000e+00   0.00000000e+00]
 [  0.00000000e+00   0.00000000e+00   0.00000000e+00   0.00000000e+00
    7.00000000e+00   9.07000000e+02   4.82000000e+02   5.70000000e+01
    4.00000000e+00   0.00000000e+00   0.00000000e+00]
 [  0.00000000e+00   0.00000000e+00   0.00000000e+00   0.00000000e+00
    1.00000000e+00   3.49000000e+02   1.63100000e+03   2.10000000e+02
    7.00000000e+00   0.00000000e+00   0.00000000e+00]
 [  0.00000000e+00   0.00000000e+00   0.00000000e+00   0.00000000e+00
    1.00000000e+00   4.90000000e+01   3.44000000e+02   4.80000000e+02
    6.00000000e+00   0.00000000e+00   0.00000000e+00]
 [  0.00000000e+00   0.00000000e+00   0.00000000e+00   0.00000000e+00
    0.00000000e+00   5.00000000e+00   6.70000000e+01   3.00000000e+01
    7.30000000e+01   0.00000000e+00   0.00000000e+00]
 [  0.00000000e+00   0.00000000e+00   0.00000000e+00   0.00000000e+00
    0.00000000e+00   0.00000000e+00   4.00000000e+00   1.00000000e+00
    0.00000000e+00   0.00000000e+00   0.00000000e+00]
 [  0.00000000e+00   0.00000000e+00   0.00000000e+00   0.00000000e+00
    0.00000000e+00   0.00000000e+00   0.00000000e+00   0.00000000e+00
    0.00000000e+00   0.00000000e+00   0.00000000e+00]]
0.637816709814
average time of train: 0.0019423365592956543 sec
average time of predict: 0.010699172814687094 sec
==== kFold total training time: 0.1589062213897705 seconds ====

kFold, foldNum=12, algo=brute, dist=euclidean
[[  0.00000000e+00   0.00000000e+00   0.00000000e+00   0.00000000e+00
    0.00000000e+00   0.00000000e+00   0.00000000e+00   0.00000000e+00
    0.00000000e+00   0.00000000e+00   0.00000000e+00]
 [  0.00000000e+00   0.00000000e+00   0.00000000e+00   0.00000000e+00
    0.00000000e+00   0.00000000e+00   0.00000000e+00   0.00000000e+00
    0.00000000e+00   0.00000000e+00   0.00000000e+00]
 [  0.00000000e+00   0.00000000e+00   0.00000000e+00   0.00000000e+00
    0.00000000e+00   0.00000000e+00   0.00000000e+00   0.00000000e+00
    0.00000000e+00   0.00000000e+00   0.00000000e+00]
 [  0.00000000e+00   0.00000000e+00   0.00000000e+00   0.00000000e+00
    0.00000000e+00   1.00000000e+01   8.00000000e+00   1.00000000e+00
    1.00000000e+00   0.00000000e+00   0.00000000e+00]
 [  0.00000000e+00   0.00000000e+00   0.00000000e+00   0.00000000e+00
    3.20000000e+01   6.10000000e+01   5.90000000e+01   1.00000000e+01
    1.00000000e+00   0.00000000e+00   0.00000000e+00]
 [  0.00000000e+00   0.00000000e+00   0.00000000e+00   0.00000000e+00
    7.00000000e+00   8.94000000e+02   4.93000000e+02   5.80000000e+01
    5.00000000e+00   0.00000000e+00   0.00000000e+00]
 [  0.00000000e+00   0.00000000e+00   0.00000000e+00   0.00000000e+00
    4.00000000e+00   3.55000000e+02   1.60800000e+03   2.23000000e+02
    8.00000000e+00   0.00000000e+00   0.00000000e+00]
 [  0.00000000e+00   0.00000000e+00   0.00000000e+00   0.00000000e+00
    1.00000000e+00   5.20000000e+01   3.36000000e+02   4.86000000e+02
    5.00000000e+00   0.00000000e+00   0.00000000e+00]
 [  0.00000000e+00   0.00000000e+00   0.00000000e+00   0.00000000e+00
    0.00000000e+00   6.00000000e+00   6.50000000e+01   2.90000000e+01
    7.50000000e+01   0.00000000e+00   0.00000000e+00]
 [  0.00000000e+00   0.00000000e+00   0.00000000e+00   0.00000000e+00
    0.00000000e+00   1.00000000e+00   3.00000000e+00   1.00000000e+00
    0.00000000e+00   0.00000000e+00   0.00000000e+00]
 [  0.00000000e+00   0.00000000e+00   0.00000000e+00   0.00000000e+00
    0.00000000e+00   0.00000000e+00   0.00000000e+00   0.00000000e+00
    0.00000000e+00   0.00000000e+00   0.00000000e+00]]
0.631889512121
average time of train: 0.0004548033078511556 sec
average time of predict: 0.03026723861694336 sec
==== kFold total training time: 0.3809528350830078 seconds ====
kFold, foldNum=12, algo=kd_tree, dist=euclidean
[[  0.00000000e+00   0.00000000e+00   0.00000000e+00   0.00000000e+00
    0.00000000e+00   0.00000000e+00   0.00000000e+00   0.00000000e+00
    0.00000000e+00   0.00000000e+00   0.00000000e+00]
 [  0.00000000e+00   0.00000000e+00   0.00000000e+00   0.00000000e+00
    0.00000000e+00   0.00000000e+00   0.00000000e+00   0.00000000e+00
    0.00000000e+00   0.00000000e+00   0.00000000e+00]
 [  0.00000000e+00   0.00000000e+00   0.00000000e+00   0.00000000e+00
    0.00000000e+00   0.00000000e+00   0.00000000e+00   0.00000000e+00
    0.00000000e+00   0.00000000e+00   0.00000000e+00]
 [  0.00000000e+00   0.00000000e+00   0.00000000e+00   0.00000000e+00
    0.00000000e+00   1.00000000e+01   8.00000000e+00   1.00000000e+00
    1.00000000e+00   0.00000000e+00   0.00000000e+00]
 [  0.00000000e+00   0.00000000e+00   0.00000000e+00   0.00000000e+00
    3.40000000e+01   6.10000000e+01   5.90000000e+01   8.00000000e+00
    1.00000000e+00   0.00000000e+00   0.00000000e+00]
 [  0.00000000e+00   0.00000000e+00   0.00000000e+00   0.00000000e+00
    6.00000000e+00   9.01000000e+02   4.77000000e+02   6.80000000e+01
    5.00000000e+00   0.00000000e+00   0.00000000e+00]
 [  0.00000000e+00   0.00000000e+00   0.00000000e+00   0.00000000e+00
    7.00000000e+00   3.55000000e+02   1.61200000e+03   2.15000000e+02
    9.00000000e+00   0.00000000e+00   0.00000000e+00]
 [  0.00000000e+00   0.00000000e+00   0.00000000e+00   0.00000000e+00
    1.00000000e+00   5.30000000e+01   3.48000000e+02   4.75000000e+02
    3.00000000e+00   0.00000000e+00   0.00000000e+00]
 [  0.00000000e+00   0.00000000e+00   0.00000000e+00   0.00000000e+00
    0.00000000e+00   7.00000000e+00   7.20000000e+01   2.80000000e+01
    6.80000000e+01   0.00000000e+00   0.00000000e+00]
 [  0.00000000e+00   0.00000000e+00   0.00000000e+00   0.00000000e+00
    0.00000000e+00   1.00000000e+00   4.00000000e+00   0.00000000e+00
    0.00000000e+00   0.00000000e+00   0.00000000e+00]
 [  0.00000000e+00   0.00000000e+00   0.00000000e+00   0.00000000e+00
    0.00000000e+00   0.00000000e+00   0.00000000e+00   0.00000000e+00
    0.00000000e+00   0.00000000e+00   0.00000000e+00]]
0.630870767215
average time of train: 0.00238041083017985 sec
average time of predict: 0.005040526390075684 sec
==== kFold total training time: 0.09755420684814453 seconds ====
kFold, foldNum=12, algo=ball_tree, dist=euclidean
[[  0.00000000e+00   0.00000000e+00   0.00000000e+00   0.00000000e+00
    0.00000000e+00   0.00000000e+00   0.00000000e+00   0.00000000e+00
    0.00000000e+00   0.00000000e+00   0.00000000e+00]
 [  0.00000000e+00   0.00000000e+00   0.00000000e+00   0.00000000e+00
    0.00000000e+00   0.00000000e+00   0.00000000e+00   0.00000000e+00
    0.00000000e+00   0.00000000e+00   0.00000000e+00]
 [  0.00000000e+00   0.00000000e+00   0.00000000e+00   0.00000000e+00
    0.00000000e+00   0.00000000e+00   0.00000000e+00   0.00000000e+00
    0.00000000e+00   0.00000000e+00   0.00000000e+00]
 [  0.00000000e+00   0.00000000e+00   0.00000000e+00   0.00000000e+00
    1.00000000e+00   7.00000000e+00   1.00000000e+01   1.00000000e+00
    1.00000000e+00   0.00000000e+00   0.00000000e+00]
 [  0.00000000e+00   0.00000000e+00   0.00000000e+00   0.00000000e+00
    3.10000000e+01   6.30000000e+01   6.10000000e+01   7.00000000e+00
    1.00000000e+00   0.00000000e+00   0.00000000e+00]
 [  0.00000000e+00   0.00000000e+00   0.00000000e+00   0.00000000e+00
    8.00000000e+00   8.93000000e+02   4.96000000e+02   5.40000000e+01
    6.00000000e+00   0.00000000e+00   0.00000000e+00]
 [  0.00000000e+00   0.00000000e+00   0.00000000e+00   0.00000000e+00
    3.00000000e+00   3.56000000e+02   1.59200000e+03   2.38000000e+02
    9.00000000e+00   0.00000000e+00   0.00000000e+00]
 [  0.00000000e+00   0.00000000e+00   0.00000000e+00   0.00000000e+00
    2.00000000e+00   5.40000000e+01   3.29000000e+02   4.90000000e+02
    5.00000000e+00   0.00000000e+00   0.00000000e+00]
 [  0.00000000e+00   0.00000000e+00   0.00000000e+00   0.00000000e+00
    0.00000000e+00   6.00000000e+00   6.40000000e+01   2.80000000e+01
    7.70000000e+01   0.00000000e+00   0.00000000e+00]
 [  0.00000000e+00   0.00000000e+00   0.00000000e+00   0.00000000e+00
    0.00000000e+00   1.00000000e+00   4.00000000e+00   0.00000000e+00
    0.00000000e+00   0.00000000e+00   0.00000000e+00]
 [  0.00000000e+00   0.00000000e+00   0.00000000e+00   0.00000000e+00
    0.00000000e+00   0.00000000e+00   0.00000000e+00   0.00000000e+00
    0.00000000e+00   0.00000000e+00   0.00000000e+00]]
0.629447520655
average time of train: 0.0019347469011942546 sec
average time of predict: 0.010589798291524252 sec
==== kFold total training time: 0.15744352340698242 seconds ====

resubstation, algo=brute, dist=mahalanobis
---- training time: 0.00034618377685546875 sec ----
[[   0    0    0    0    0    0    0    0    0    0    0]
 [   0    0    0    0    0    0    0    0    0    0    0]
 [   0    0    0    0    0    0    0    0    0    0    0]
 [   0    0    0   20    0    0    0    0    0    0    0]
 [   0    0    0    0  163    0    0    0    0    0    0]
 [   0    0    0    0    0 1457    0    0    0    0    0]
 [   0    0    0    0    0    0 2198    0    0    0    0]
 [   0    0    0    0    0    0    0  880    0    0    0]
 [   0    0    0    0    0    0    0    0  175    0    0]
 [   0    0    0    0    0    0    0    0    0    5    0]
 [   0    0    0    0    0    0    0    0    0    0    0]]
1.0
==== predict time: 1.0882396697998047 sec ====
kFold, foldNum=12, algo=brute, dist=mahalanobis
[[  0.00000000e+00   0.00000000e+00   0.00000000e+00   0.00000000e+00
    0.00000000e+00   0.00000000e+00   0.00000000e+00   0.00000000e+00
    0.00000000e+00   0.00000000e+00   0.00000000e+00]
 [  0.00000000e+00   0.00000000e+00   0.00000000e+00   0.00000000e+00
    0.00000000e+00   0.00000000e+00   0.00000000e+00   0.00000000e+00
    0.00000000e+00   0.00000000e+00   0.00000000e+00]
 [  0.00000000e+00   0.00000000e+00   0.00000000e+00   0.00000000e+00
    0.00000000e+00   0.00000000e+00   0.00000000e+00   0.00000000e+00
    0.00000000e+00   0.00000000e+00   0.00000000e+00]
 [  0.00000000e+00   0.00000000e+00   0.00000000e+00   0.00000000e+00
    0.00000000e+00   1.20000000e+01   7.00000000e+00   1.00000000e+00
    0.00000000e+00   0.00000000e+00   0.00000000e+00]
 [  0.00000000e+00   0.00000000e+00   0.00000000e+00   0.00000000e+00
    2.90000000e+01   8.10000000e+01   4.80000000e+01   5.00000000e+00
    0.00000000e+00   0.00000000e+00   0.00000000e+00]
 [  0.00000000e+00   0.00000000e+00   0.00000000e+00   0.00000000e+00
    8.00000000e+00   1.01400000e+03   4.03000000e+02   3.00000000e+01
    2.00000000e+00   0.00000000e+00   0.00000000e+00]
 [  0.00000000e+00   0.00000000e+00   0.00000000e+00   0.00000000e+00
    3.00000000e+00   3.27000000e+02   1.67700000e+03   1.83000000e+02
    8.00000000e+00   0.00000000e+00   0.00000000e+00]
 [  0.00000000e+00   0.00000000e+00   0.00000000e+00   0.00000000e+00
    0.00000000e+00   2.40000000e+01   3.01000000e+02   5.40000000e+02
    1.50000000e+01   0.00000000e+00   0.00000000e+00]
 [  0.00000000e+00   0.00000000e+00   0.00000000e+00   0.00000000e+00
    0.00000000e+00   3.00000000e+00   4.70000000e+01   5.30000000e+01
    7.20000000e+01   0.00000000e+00   0.00000000e+00]
 [  0.00000000e+00   0.00000000e+00   0.00000000e+00   0.00000000e+00
    0.00000000e+00   1.00000000e+00   3.00000000e+00   1.00000000e+00
    0.00000000e+00   0.00000000e+00   0.00000000e+00]
 [  0.00000000e+00   0.00000000e+00   0.00000000e+00   0.00000000e+00
    0.00000000e+00   0.00000000e+00   0.00000000e+00   0.00000000e+00
    0.00000000e+00   0.00000000e+00   0.00000000e+00]]
0.680274401937
average time of train: 0.0003432631492614746 sec
average time of predict: 0.17406473557154337 sec
==== kFold total training time: 2.1011929512023926 seconds ====

resubstation, algo=brute, dist=cosDist
---- training time: 0.0003943443298339844 sec ----
[[   0    0    0    0    0    0    0    0    0    0    0]
 [   0    0    0    0    0    0    0    0    0    0    0]
 [   0    0    0    0    0    0    0    0    0    0    0]
 [   0    0    0    0    0   10   10    0    0    0    0]
 [   0    0    0    0   14   75   65    8    1    0    0]
 [   0    0    0    0   11  862  525   51    8    0    0]
 [   0    0    0    0    2  468 1543  180    5    0    0]
 [   0    0    0    0    5  113  424  335    3    0    0]
 [   0    0    0    0    0   15  105   37   18    0    0]
 [   0    0    0    0    0    1    4    0    0    0    0]
 [   0    0    0    0    0    0    0    0    0    0    0]]
0.565945283789
==== predict time: 234.8822386264801 sec ====
kFold, foldNum=12, algo=brute, dist=cosDist
[[  0.00000000e+00   0.00000000e+00   0.00000000e+00   0.00000000e+00
    0.00000000e+00   0.00000000e+00   0.00000000e+00   0.00000000e+00
    0.00000000e+00   0.00000000e+00   0.00000000e+00]
 [  0.00000000e+00   0.00000000e+00   0.00000000e+00   0.00000000e+00
    0.00000000e+00   0.00000000e+00   0.00000000e+00   0.00000000e+00
    0.00000000e+00   0.00000000e+00   0.00000000e+00]
 [  0.00000000e+00   0.00000000e+00   0.00000000e+00   0.00000000e+00
    0.00000000e+00   0.00000000e+00   0.00000000e+00   0.00000000e+00
    0.00000000e+00   0.00000000e+00   0.00000000e+00]
 [  0.00000000e+00   0.00000000e+00   0.00000000e+00   0.00000000e+00
    0.00000000e+00   1.10000000e+01   9.00000000e+00   0.00000000e+00
    0.00000000e+00   0.00000000e+00   0.00000000e+00]
 [  0.00000000e+00   0.00000000e+00   0.00000000e+00   0.00000000e+00
    1.30000000e+01   7.50000000e+01   6.50000000e+01   9.00000000e+00
    1.00000000e+00   0.00000000e+00   0.00000000e+00]
 [  0.00000000e+00   0.00000000e+00   0.00000000e+00   0.00000000e+00
    7.00000000e+00   7.26000000e+02   6.51000000e+02   6.50000000e+01
    8.00000000e+00   0.00000000e+00   0.00000000e+00]
 [  0.00000000e+00   0.00000000e+00   0.00000000e+00   0.00000000e+00
    6.00000000e+00   5.49000000e+02   1.37600000e+03   2.60000000e+02
    7.00000000e+00   0.00000000e+00   0.00000000e+00]
 [  0.00000000e+00   0.00000000e+00   0.00000000e+00   0.00000000e+00
    3.00000000e+00   1.21000000e+02   5.14000000e+02   2.36000000e+02
    6.00000000e+00   0.00000000e+00   0.00000000e+00]
 [  0.00000000e+00   0.00000000e+00   0.00000000e+00   0.00000000e+00
    0.00000000e+00   2.00000000e+01   1.06000000e+02   4.00000000e+01
    9.00000000e+00   0.00000000e+00   0.00000000e+00]
 [  0.00000000e+00   0.00000000e+00   0.00000000e+00   0.00000000e+00
    0.00000000e+00   1.00000000e+00   4.00000000e+00   0.00000000e+00
    0.00000000e+00   0.00000000e+00   0.00000000e+00]
 [  0.00000000e+00   0.00000000e+00   0.00000000e+00   0.00000000e+00
    0.00000000e+00   0.00000000e+00   0.00000000e+00   0.00000000e+00
    0.00000000e+00   0.00000000e+00   0.00000000e+00]]
0.481824392349
average time of train: 0.00035079320271809894 sec
average time of predict: 32.323980927467346 sec
==== kFold total training time: 387.90028500556946 seconds ====
